2.95 14.75 0.18 31.9
2.95 14.75 0.18 31.9
2.95 14.75 0.18 31.9
2.95 14.75 0.18 31.9
2.95 14.75 0.18 31.9
2.95 14.75 0.18 31.9
2.95 14.75 0.18 31.9
2.95 14.75 0.18 31.9
2.95 14.75 0.18 31.9
2.95 14.75 0.18 31.9
2.95 14.75 0.18 31.9
2.95 14.75 0.18 31.9
2.95 14.75 0.18 31.9
2.95 14.75 0.18 31.9
2.95 14.75 0.18 31.9
2.95 14.75 0.18 31.9
2.95 14.75 0.18 31.9
2.95 14.75 0.18 31.9
2.95 14.75 0.18 31.9
2.95 14.75 0.18 31.9
2.95 14.75 0.18 31.9
2.95 14.75 0.18 31.9
2.95 14.75 0.18 31.9
2.95 14.75 0.18 31.9
